referencia,periodo,pobreza,extrema_pobreza,total
2012,201212,19392882,44684759,64077641
2013,201312,19268775,43914616,63183391
2014,201412,18491146,45300249,63791395
2015,201512,14652534,38919660,53572194
2016,201612,12974976,36803455,49778431
2017,201712,11481091,38469544,49950635
2018,201812,9679720,37766288,47446008
2019,201912,8977608,39090704,48068312
2020,202012,8482827,39596469,48079296
2021,202112,8901321,42662245,51563566
